002
6
1273 435 10 46
1297 427 15 40
1315 424 14 44
1327 430 8 28
1353 423 6 28
1358 412 19 45
004
6
978 465 15 46
995 457 14 48
1013 457 14 48
1029 452 17 44
1047 448 10 44
1061 440 28 49
005
7
1130 370 9 46
1144 370 9 46
1157 370 9 46
1170 370 9 46
1184 370 9 46
1197 370 9 46
1211 370 9 46
006
7
969 496 29 49
997 492 18 45
1021 486 17 44
1043 480 9 46
1057 477 10 45
1069 472 14 45
1082 462 18 69
007
7
1277 437 12 43
1292 432 11 50
1303 425 16 46
1319 425 12 40
1332 421 11 40
1343 418 11 39
1357 413 5 41
009
7
294 786 24 108
329 786 24 108
365 786 24 108
400 786 24 108
436 786 24 108
472 786 24 108
507 786 24 108
010
7
569 642 18 111
597 642 18 111
624 642 18 111
652 642 18 111
680 642 18 111
707 642 18 111
735 642 18 111
012
5
853 476 14 38
891 474 14 36
907 473 14 36
923 472 14 35
944 470 4 36
013
7
608 377 12 28
624 374 5 31
631 374 11 31
644 374 5 31
658 374 4 28
671 373 3 29
680 372 5 29
014
7
850 482 16 37
867 481 14 36
882 479 20 36
904 475 12 38
920 475 12 38
934 472 11 39
948 472 11 39
015
7
917 555 21 38
941 560 16 48
963 554 11 48
977 554 11 48
991 554 11 48
1007 551 10 46
1025 544 24 50
017
5
1121 565 18 43
1142 561 14 44
1159 561 14 44
1174 558 17 42
1195 556 18 48
019
7
1292 548 10 95
1308 548 10 95
1324 548 10 95
1340 548 10 95
1356 548 10 95
1372 548 10 95
1388 548 10 95
020
7
1136 531 12 54
1155 531 12 54
1173 531 12 54
1191 531 12 54
1210 531 12 54
1228 531 12 54
1247 531 12 54
021
7
989 547 15 47
1009 542 23 48
1035 542 10 48
1051 539 18 45
1074 538 8 45
1088 535 13 46
1104 535 13 46
022
7
1102 498 10 78
1118 498 10 78
1133 498 10 78
1149 498 10 78
1165 498 10 78
1180 498 10 78
1196 498 10 78
023
6
409 356 12 26
425 354 9 27
437 354 9 27
447 354 11 26
465 353 10 25
472 357 16 26
024
7
650 439 10 36
662 439 10 36
667 431 11 34
681 431 11 34
695 430 18 32
714 430 15 32
729 430 14 28
026
6
1033 571 16 44
1051 569 18 44
1069 566 14 43
1085 563 23 44
1107 559 11 46
1121 557 27 43
027
7
448 331 11 26
461 329 9 27
473 329 9 27
489 329 10 27
501 329 10 27
515 329 5 25
523 329 12 25
028
7
1143 491 14 58
1164 491 14 58
1185 491 14 58
1205 491 14 58
1226 491 14 58
1247 491 14 58
1268 491 14 58
029
7
624 423 14 31
638 422 13 31
652 421 13 29
668 417 11 35
687 418 12 30
700 418 12 29
715 404 8 40
030
5
1091 550 14 52
1109 547 10 35
1125 548 12 34
1161 558 9 15
1178 553 2 21
032
7
1072 527 14 38
1087 522 6 41
1095 522 6 41
1102 522 6 41
1110 522 6 41
1125 521 8 38
1154 522 8 26
036
7
452 363 10 35
465 363 11 31
477 363 11 28
495 361 10 29
508 361 10 29
523 359 6 29
533 360 12 27
038
7
712 597 22 44
737 599 22 43
762 600 23 45
794 602 27 44
822 604 23 43
848 606 22 43
873 607 24 42
039
0
040
7
859 97 11 24
873 96 14 27
888 97 14 27
902 96 15 28
917 95 20 29
934 100 18 31
954 96 2 17
041
5
844 155 23 34
869 156 17 33
889 156 17 33
917 156 19 34
938 156 18 34
042
5
547 198 18 34
568 198 18 35
588 198 19 35
617 199 20 35
638 200 20 35
043
5
778 105 18 33
798 106 16 32
817 106 18 34
845 106 16 33
866 116 17 24
044
5
342 166 12 33
357 152 18 33
378 153 15 33
400 154 8 33
424 155 21 36
045
7
766 181 12 71
784 181 12 71
802 181 12 71
820 181 12 71
838 181 12 71
856 181 12 71
874 181 12 71
046
5
369 564 29 50
401 569 27 48
443 569 29 52
471 572 30 51
505 576 30 50
047
7
747 268 5 49
752 278 17 35
771 278 15 38
791 278 15 38
813 279 19 36
839 286 26 29
872 281 18 37
048
7
811 217 14 45
829 217 14 45
846 227 16 35
866 230 20 32
885 231 17 32
903 232 17 31
920 232 17 31
049
7
737 133 15 49
762 143 25 44
790 143 11 44
805 143 20 37
838 127 13 53
854 127 13 53
871 127 13 53
050
6
696 187 20 38
717 187 22 39
741 187 20 38
772 183 26 43
796 189 21 38
819 178 13 36
052
7
529 571 30 49
557 574 28 48
587 577 23 47
618 578 25 46
644 579 26 48
672 578 25 50
705 583 11 50
053
7
766 339 10 32
779 325 21 42
804 327 21 42
828 328 21 42
863 329 23 42
889 330 21 41
916 321 10 53
054
7
646 445 19 49
674 439 23 46
700 441 24 47
729 441 24 47
767 443 24 46
794 446 28 45
824 449 50 55
055
7
752 96 13 54
769 104 22 36
790 105 21 35
811 105 22 36
845 105 18 35
863 105 22 35
895 97 6 45
056
7
753 332 21 24
776 307 16 39
796 307 16 39
812 309 20 36
836 309 22 37
859 310 18 36
884 310 36 38
057
5
212 265 14 32
227 266 15 32
243 267 14 33
259 269 13 32
275 271 14 31
058
6
715 96 33 36
749 117 29 31
786 86 21 48
816 97 22 38
839 97 26 46
862 97 15 37
060
7
504 175 16 41
516 177 24 41
542 177 22 40
565 177 22 41
598 176 25 42
623 177 28 51
649 174 14 42
061
6
551 421 6 44
568 423 25 47
594 425 28 47
621 422 26 53
663 428 29 47
692 430 29 46
062
7
582 309 16 44
621 321 36 40
662 323 19 36
681 323 20 37
700 323 21 36
719 323 19 39
741 312 15 50
064
5
775 421 25 42
802 423 25 43
830 425 23 41
868 427 25 44
894 428 26 42
065
0
066
7
489 195 20 53
513 201 10 35
526 201 10 35
541 203 12 41
559 203 24 40
592 202 9 47
604 202 20 47
067
7
852 239 13 35
866 243 20 34
887 243 18 34
911 241 12 39
937 242 22 36
957 242 23 36
974 238 20 36
068
7
502 13 58 109
588 50 29 69
619 51 26 67
698 47 50 73
754 51 29 69
794 51 26 67
834 48 23 80
069
7
831 249 12 34
852 266 26 39
882 264 7 25
896 264 19 34
916 265 19 34
936 265 19 35
952 254 23 34
070
7
894 320 20 38
916 307 16 60
937 307 16 60
970 324 6 37
984 325 20 36
1004 326 20 38
1026 327 21 38
071
7
874 231 7 34
883 231 15 34
900 231 7 34
908 232 20 34
937 232 8 33
949 232 19 34
973 232 8 35
073
5
661 295 25 37
683 297 25 36
708 297 23 37
741 297 25 38
766 297 21 41
074
6
620 109 17 63
654 120 23 44
678 108 20 49
707 120 20 35
728 120 22 36
748 120 22 35
077
7
719 65 14 27
736 79 17 32
753 80 17 31
769 80 17 31
789 79 31 35
826 80 14 34
844 80 14 34
078
5
563 128 20 34
583 119 20 44
610 129 18 34
630 129 18 34
649 129 19 34
080
7
932 295 15 35
951 295 15 35
970 297 18 34
995 297 18 34
1018 299 15 36
1037 299 15 36
1061 299 7 35
081
5
833 246 25 50
863 256 19 38
885 256 20 38
920 257 20 38
943 258 21 39
082
7
774 196 14 45
809 201 18 35
833 202 16 36
853 202 16 36
882 202 19 36
905 203 19 36
1111 194 14 61
083
5
861 233 18 35
881 234 18 35
903 234 19 36
933 235 18 35
955 236 18 35
085
0
086
5
932 197 17 33
952 197 18 33
972 197 18 32
1002 197 16 34
1021 197 18 33
087
5
636 261 18 34
657 261 17 34
677 261 18 35
706 261 18 36
728 262 18 35
088
7
814 227 10 34
830 238 19 35
849 239 17 36
867 240 19 36
885 240 19 36
912 241 17 36
928 240 22 37
090
7
691 369 25 42
717 375 3 23
725 373 38 40
769 374 25 40
788 373 37 43
827 390 10 24
842 373 25 40
091
6
819 209 8 25
830 197 17 33
851 197 17 33
872 198 16 33
900 198 18 34
920 198 18 33
092
5
845 185 22 34
867 184 19 35
883 184 26 34
918 182 20 35
938 181 23 36
093
7
711 387 18 41
738 381 12 40
754 381 12 40
769 381 12 40
785 381 12 40
808 381 11 40
822 381 25 40
094
5
724 171 12 34
742 172 19 33
766 173 10 34
791 174 19 33
812 174 19 34
095
6
817 282 17 33
836 284 17 33
855 285 17 33
875 286 16 33
899 287 17 34
919 288 17 33
096
5
295 258 20 39
321 259 12 39
339 260 19 39
370 260 20 39
392 261 19 39
097
6
843 268 5 30
857 277 19 36
876 279 19 42
896 279 20 36
915 279 19 36
948 268 30 48
098
5
851 237 18 33
872 237 18 33
897 238 9 33
924 238 17 35
943 239 19 34
099
5
574 393 27 41
594 390 27 43
620 391 26 42
658 393 25 41
682 393 21 41
101
7
318 592 53 48
367 595 28 47
398 599 30 47
424 598 29 47
450 599 28 47
475 600 29 47
505 601 29 47
102
6
795 95 19 34
813 94 22 34
829 96 25 34
862 95 21 34
885 94 18 36
901 78 30 54
103
5
290 264 18 31
308 265 17 32
325 265 19 32
349 276 8 22
361 268 27 39
104
7
867 297 14 45
887 307 20 36
909 308 19 36
939 296 24 49
966 309 21 36
987 310 22 36
1009 299 20 40
105
7
668 199 6 18
678 199 6 18
688 199 6 18
698 199 6 18
709 199 6 18
719 199 6 18
729 199 6 18
107
6
864 126 22 41
890 129 15 31
907 129 20 27
927 129 17 27
944 129 17 31
960 129 15 27
108
6
316 447 11 30
333 442 20 41
353 443 20 42
379 443 14 46
403 438 23 50
423 447 21 43
110
7
703 214 20 38
725 214 9 38
736 214 9 38
756 214 6 32
770 214 15 32
789 214 9 33
800 214 9 33
111
7
558 427 18 39
578 427 21 48
601 429 17 42
623 429 17 42
645 430 28 51
671 433 22 42
694 417 19 44
113
7
333 406 22 42
355 407 21 42
376 408 27 41
403 408 24 43
426 409 22 42
449 409 21 42
469 409 22 43
114
7
634 309 8 26
641 309 13 33
656 309 18 33
680 309 20 35
697 308 20 37
722 309 22 41
738 309 22 35
115
7
693 342 19 40
709 334 20 36
730 334 20 38
750 334 23 39
772 335 20 38
794 337 27 38
821 338 33 38
117
0
118
5
616 395 32 35
645 395 21 42
674 397 22 38
695 387 35 47
736 383 34 62
120
6
782 249 16 34
797 248 26 41
821 255 10 25
836 251 17 33
854 251 27 40
879 252 17 33
121
7
817 319 18 35
837 319 19 35
862 321 19 34
882 322 19 35
901 323 19 34
925 323 11 36
944 329 10 32
125
7
791 251 34 36
825 253 19 35
849 254 18 34
868 255 19 34
886 255 19 36
906 255 18 36
928 266 13 30
126
7
754 249 12 50
767 263 17 34
786 263 18 34
804 263 18 34
821 264 20 34
839 254 27 46
863 263 21 44
128
6
645 276 16 33
662 276 19 34
682 276 17 34
700 276 19 34
725 276 20 41
742 277 19 34
130
7
790 163 27 58
823 183 18 34
842 185 19 32
860 185 19 33
879 185 24 34
902 185 20 33
919 165 16 59
131
6
765 267 18 35
783 267 19 36
802 269 19 35
821 270 18 35
846 270 18 35
865 271 18 35
132
7
492 255 16 53
513 255 16 53
560 258 18 55
583 258 18 55
609 253 14 51
628 253 14 51
650 267 37 36
133
7
710 237 17 34
727 236 18 35
747 238 17 34
763 239 24 34
787 239 18 34
805 239 18 34
829 239 8 34
135
6
805 240 17 33
822 241 18 39
841 241 18 33
858 241 18 33
883 241 19 40
900 242 18 33
136
7
791 262 16 38
807 268 30 36
843 263 19 34
862 263 19 35
881 263 24 35
906 263 20 34
926 268 9 37
137
6
847 285 17 34
864 286 18 40
883 286 19 35
906 287 10 34
927 287 20 41
945 289 19 34
139
6
690 246 16 33
708 247 15 33
725 247 16 34
741 247 20 36
767 249 14 31
784 249 15 35
140
6
799 237 16 33
815 237 18 40
835 238 17 34
853 240 16 33
871 240 25 41
895 241 16 33
141
7
748 246 15 33
766 247 16 33
784 248 16 33
808 248 17 33
833 249 4 33
846 250 16 33
864 251 16 33
142
7
722 285 20 34
742 286 21 40
758 286 21 34
784 287 19 34
804 287 18 34
822 287 19 34
841 287 19 35
143
6
716 246 18 31
733 246 18 32
752 247 24 33
775 247 18 33
793 247 19 34
812 249 18 32
144
5
736 265 27 33
776 262 18 30
794 263 18 30
824 250 29 50
852 269 11 23
145
7
749 184 15 25
768 179 13 37
784 179 13 37
801 178 13 32
818 178 13 32
839 178 19 37
855 167 18 39
146
6
765 248 18 36
781 249 22 36
805 249 20 37
834 249 18 36
856 247 20 40
878 236 14 39
147
5
485 157 20 34
510 157 12 35
528 157 19 35
560 157 16 36
581 157 16 36
150
7
724 86 12 33
737 87 20 34
757 81 20 41
778 87 18 35
802 79 25 44
826 88 21 35
848 87 8 33
151
6
717 174 11 20
729 174 11 20
739 174 11 20
751 174 16 21
766 175 12 20
778 175 11 20
152
7
569 309 32 62
600 326 21 38
633 327 14 40
650 327 14 40
666 327 19 38
685 328 20 38
707 328 19 38
153
5
158 263 8 22
165 251 18 41
186 248 11 41
196 250 25 38
221 252 16 34
154
6
576 156 17 61
595 170 20 40
617 171 20 40
640 172 20 39
671 172 23 41
690 159 30 54
155
5
730 308 18 35
750 307 18 36
777 307 11 36
804 307 18 36
827 307 18 36
157
7
887 255 10 36
905 263 22 34
927 264 20 34
947 264 21 34
979 264 17 35
999 265 19 33
1018 269 2 28
158
7
791 291 14 33
803 297 22 33
826 297 20 38
846 298 23 38
877 298 23 35
902 298 20 36
921 292 15 35
159
7
789 320 19 38
807 320 19 36
827 321 21 36
853 322 20 35
873 322 19 36
893 322 21 36
913 322 20 37
161
5
208 239 12 33
224 240 13 33
250 242 13 32
265 243 13 32
282 243 14 33
162
5
931 254 28 36
971 249 18 34
991 251 17 32
1007 262 16 17
1029 252 17 33
164
5
856 225 17 34
875 225 17 34
907 225 17 33
926 225 16 33
947 225 17 33
166
7
160 269 17 36
175 273 20 35
194 273 16 36
212 273 18 38
237 275 20 37
257 277 18 36
274 276 13 37
167
6
746 265 24 38
772 266 22 38
793 265 20 38
830 266 8 38
843 265 24 38
869 267 20 37
168
7
728 183 10 31
742 186 17 33
758 186 19 33
780 186 19 33
809 185 18 34
827 186 22 33
848 184 11 35
169
7
602 240 13 36
623 251 20 37
642 250 22 39
673 247 24 39
695 249 21 38
717 247 20 38
749 235 9 38
172
6
394 448 10 30
416 439 28 44
443 441 29 43
470 441 29 44
511 441 29 44
537 441 26 44
173
5
805 333 22 36
826 333 21 36
849 334 21 36
881 335 21 36
906 335 19 36
174
7
566 361 2 24
568 326 33 53
610 342 21 38
636 342 24 36
658 344 20 38
677 344 23 38
698 345 24 48
175
7
337 297 17 42
358 311 18 40
372 313 20 37
393 315 17 36
413 315 19 36
431 317 21 36
451 318 39 37
177
7
759 310 14 48
782 323 21 38
805 325 22 38
829 326 22 38
860 327 24 39
886 328 24 41
921 319 6 39
178
5
854 243 18 33
874 243 19 33
905 243 18 33
926 243 18 33
951 242 23 43
179
7
330 274 20 44
348 282 21 38
369 286 18 34
385 288 20 33
409 286 24 37
431 289 17 34
451 279 10 45
180
7
754 338 8 32
769 346 20 36
796 347 12 36
816 348 20 36
852 348 9 39
863 348 9 39
874 348 20 39
183
7
866 254 17 35
885 253 15 46
905 253 15 46
923 264 20 38
942 265 26 35
967 265 21 36
986 265 40 36
184
7
596 515 10 38
612 525 25 43
645 527 14 43
668 529 25 43
712 530 14 46
729 530 14 46
746 530 14 46
187
7
240 188 17 44
256 193 18 34
274 194 19 34
291 194 17 34
310 193 25 38
333 196 16 35
353 183 11 64
188
7
663 241 5 38
689 240 5 26
693 234 27 51
717 234 28 55
754 247 21 40
777 246 25 42
805 247 13 39
190
6
792 230 13 37
813 241 19 37
834 241 19 36
855 242 19 36
885 243 19 35
905 243 20 38
191
7
775 302 17 52
796 313 40 38
835 313 22 39
861 313 21 38
883 312 21 38
905 312 19 38
927 311 19 39
192
7
882 198 9 36
894 198 20 41
914 198 19 35
931 199 18 34
956 199 20 41
974 201 18 33
994 205 3 28
194
6
917 281 19 33
941 282 17 32
961 283 19 32
992 283 19 33
1014 283 19 33
1036 283 19 33
196
6
859 289 19 35
883 289 17 35
903 289 20 35
933 289 20 35
955 289 18 36
978 289 19 35
197
7
821 302 33 44
858 305 16 41
878 308 19 39
902 309 22 38
922 308 21 39
943 309 21 38
963 310 22 37
200
5
701 186 18 33
723 186 18 35
747 187 11 34
777 187 17 33
796 187 20 34
201
5
722 173 24 33
746 174 18 33
767 174 27 33
789 161 25 48
814 174 21 35
204
7
863 313 16 56
883 313 16 56
900 328 21 39
930 329 13 35
949 331 20 33
978 317 16 56
998 317 16 56
205
7
750 339 14 41
770 352 21 40
784 337 17 42
795 353 21 40
817 356 22 40
852 356 23 45
879 357 26 52
206
7
928 262 18 33
946 262 19 32
966 263 23 32
990 262 19 34
1010 263 18 33
1029 263 17 33
1054 262 8 35
207
7
721 124 14 49
741 130 20 38
767 130 11 36
784 130 20 36
815 129 21 38
836 129 20 38
869 124 11 50
209
6
882 262 4 28
899 269 21 35
920 269 22 37
942 269 20 35
973 269 20 35
996 269 21 37
210
7
20 38 20 96
51 38 20 96
82 38 20 96
113 38 20 96
143 38 20 96
174 38 20 96
205 38 20 96
211
7
710 263 16 34
724 263 20 35
743 265 19 32
764 266 21 33
784 266 18 33
808 267 9 35
822 266 18 35
212
7
699 263 17 37
715 265 21 41
737 277 20 36
760 277 13 36
776 278 20 35
802 278 20 35
821 264 22 57
213
5
783 107 22 37
805 107 25 38
826 107 22 37
858 106 22 38
880 106 22 39
214
6
689 263 24 38
717 265 18 38
738 265 20 38
776 265 7 38
792 267 20 38
811 267 24 38
217
7
35 47 10 46
50 47 10 46
65 47 10 46
80 47 10 46
95 47 10 46
110 47 10 46
125 47 10 46
218
6
324 194 19 41
343 200 19 35
364 200 19 36
384 199 12 38
400 199 12 38
412 201 19 35
219
7
19 38 19 90
48 38 19 90
78 38 19 90
107 38 19 90
136 38 19 90
166 38 19 90
195 38 19 90
220
5
829 239 21 35
853 241 19 36
874 241 19 36
905 242 19 36
928 242 19 36
221
7
944 269 22 37
972 271 10 37
994 271 10 37
1004 273 2 34
1021 273 9 35
1032 273 9 35
1041 272 22 37
222
6
733 346 21 34
759 347 18 34
779 348 19 34
811 350 18 33
834 350 20 34
858 351 20 34
224
7
449 379 10 42
464 370 23 37
489 371 20 37
510 372 21 37
541 373 23 37
562 373 26 37
589 376 12 36
226
7
20 35 21 109
52 35 21 109
83 35 21 109
115 35 21 109
147 35 21 109
178 35 21 109
210 35 21 109
228
7
696 193 15 38
708 193 24 40
733 193 22 39
755 193 19 37
785 193 19 37
807 194 21 36
832 193 9 37
230
6
612 306 25 41
637 306 36 43
673 306 25 41
698 300 27 48
727 306 15 42
750 280 18 72
233
7
821 280 19 36
837 280 23 43
860 280 20 36
880 280 19 36
900 280 29 43
926 280 19 36
947 270 2 24
236
7
778 268 16 45
797 281 36 35
833 281 20 35
859 281 18 35
877 281 19 34
899 277 15 44
918 277 15 44
237
7
820 288 21 57
841 299 40 39
883 301 18 36
907 302 20 35
927 302 21 36
951 300 16 45
971 300 16 45
238
7
764 263 4 10
767 263 2 10
769 263 2 10
800 265 1 9
802 264 2 10
804 264 2 10
807 264 2 10
241
5
783 154 19 37
810 154 10 37
828 155 20 37
861 155 20 39
885 155 20 38
242
7
180 305 19 32
204 311 4 25
209 306 16 33
224 308 20 32
244 309 21 33
259 309 22 39
282 329 6 22
243
7
640 334 20 40
662 336 21 39
685 336 21 40
721 336 12 44
737 336 12 44
753 337 10 34
762 338 3 38
244
7
701 202 28 64
726 219 16 32
741 222 20 37
763 222 19 38
807 224 14 46
824 224 14 46
839 209 15 57
245
7
803 182 19 34
821 182 18 34
841 182 18 34
870 182 19 33
889 182 18 34
912 173 3 27
914 201 2 21
246
7
851 266 15 35
870 266 15 35
889 266 18 34
916 267 14 35
935 267 14 35
954 268 18 34
979 268 7 35
247
6
243 317 26 38
263 312 25 35
289 313 18 34
307 313 18 34
325 312 20 35
347 311 13 38
248
7
37 423 17 61
59 423 17 61
84 432 24 39
114 430 15 39
142 427 29 45
163 412 31 61
191 421 15 52
249
0
250
7
128 14 6 28
138 13 8 26
148 13 8 26
156 14 10 25
170 16 18 21
191 16 8 21
200 17 10 20
251
7
195 347 6 27
203 347 6 27
213 347 6 27
221 347 6 27
231 347 6 27
239 347 6 27
249 347 6 27
253
0
256
5
510 123 15 34
532 132 34 48
577 132 20 39
608 133 22 42
630 133 26 49
257
0
258
5
690 223 27 39
722 225 5 29
731 223 27 34
756 223 25 37
778 226 21 39
259
7
647 266 11 33
661 266 11 33
675 266 11 33
689 266 11 33
712 267 8 33
727 267 9 33
739 267 21 33
260
7
768 324 2 19
772 324 14 40
790 324 14 40
813 324 23 38
848 323 20 38
865 321 28 45
900 329 12 23
261
6
822 344 22 38
845 345 22 38
873 346 15 40
904 347 22 39
927 348 22 38
955 337 13 56
262
7
783 318 13 41
808 330 19 38
829 330 20 39
866 331 20 38
888 332 20 38
909 332 22 38
942 321 10 46
263
7
658 115 31 54
695 129 11 37
703 129 24 40
735 129 21 38
756 129 20 38
778 129 21 38
808 118 12 51
265
5
723 233 17 37
744 231 19 37
766 236 18 32
794 235 19 33
814 233 22 35
266
7
629 137 6 35
661 135 5 39
668 135 5 39
675 135 5 39
682 135 5 39
694 135 12 39
708 135 16 39
267
6
698 147 25 58
716 152 27 59
744 165 20 38
766 164 21 38
799 166 19 38
823 167 18 39
268
7
742 143 19 33
760 144 19 33
777 144 24 33
803 144 18 33
822 143 10 34
836 144 19 33
856 144 18 34
269
6
777 277 20 36
803 277 17 36
824 277 17 36
855 278 20 36
878 279 19 34
900 278 20 36
271
6
755 228 22 37
777 228 20 36
806 231 3 22
808 228 20 37
829 228 20 37
850 228 23 37
273
6
790 281 16 28
810 261 22 37
834 261 19 37
856 261 20 37
889 262 18 37
910 262 24 37
275
7
666 150 19 50
696 159 16 44
716 159 16 44
737 159 20 37
770 146 17 50
792 146 17 50
823 150 5 33
276
5
566 309 25 39
586 310 26 39
613 311 22 38
646 311 22 40
673 311 22 39
277
5
764 405 12 42
782 405 26 44
809 409 22 40
847 409 22 41
864 397 31 54
281
5
552 277 24 48
575 284 24 41
599 284 24 44
634 285 25 42
660 285 21 43
283
5
739 185 25 50
764 199 21 36
796 199 18 34
829 184 24 50
861 191 9 44
284
7
708 333 18 35
726 334 10 33
740 331 7 33
749 331 7 33
757 331 7 33
771 333 22 40
796 336 10 35
285
5
677 158 23 33
701 158 18 33
720 157 26 36
744 147 24 45
768 157 19 37
288
5
729 116 21 33
748 117 18 31
767 117 18 32
794 117 19 33
812 117 18 33
289
7
682 166 27 32
720 168 8 37
737 168 18 37
763 175 22 33
787 168 22 39
810 172 19 37
833 179 13 26
292
6
611 153 29 51
643 167 20 38
673 160 23 45
700 167 13 39
720 157 24 51
742 161 14 62
293
5
707 92 18 44
728 101 19 34
757 100 18 34
775 99 19 36
794 100 20 40
294
5
632 103 18 35
653 103 18 35
674 103 18 35
704 103 20 36
726 103 24 37
295
5
723 416 23 43
749 417 22 43
774 418 23 44
812 419 22 45
837 420 24 45
297
6
759 296 18 35
781 296 19 35
800 293 21 34
834 296 20 34
856 296 19 34
879 296 21 35
298
7
721 341 23 38
725 380 20 26
745 357 24 40
770 358 22 40
793 359 21 40
824 359 21 43
845 360 23 40
299
7
545 339 18 44
567 339 18 44
590 347 20 38
610 348 22 37
632 348 22 38
666 349 28 47
713 343 36 46
300
5
723 131 16 34
742 132 18 33
762 132 18 34
792 133 16 34
811 133 18 34
302
5
459 330 18 27
476 330 28 29
507 332 17 30
520 335 16 26
533 337 18 27
303
5
644 193 19 35
665 193 22 35
688 194 28 35
717 194 21 35
740 194 20 35
304
7
695 414 20 50
712 429 24 41
738 430 24 41
764 430 23 43
801 431 25 43
827 431 25 43
855 425 12 44
305
7
947 167 11 34
959 172 18 33
978 171 20 33
998 171 19 34
1026 161 23 44
1045 171 20 33
1065 168 15 33
306
6
697 283 29 42
732 294 21 36
754 294 21 37
785 294 21 38
807 296 21 37
822 285 19 45
307
7
29 379 29 77
73 379 29 77
117 379 29 77
161 379 29 77
205 379 29 77
249 379 29 77
293 379 29 77
309
7
748 329 18 23
765 309 18 36
786 310 19 37
805 310 20 37
830 311 9 37
850 312 19 37
870 312 20 37
310
7
702 337 18 56
720 353 19 39
735 357 22 43
762 354 20 39
787 355 11 39
809 356 19 39
829 356 21 40
313
7
470 164 8 56
491 163 20 35
513 162 16 45
530 162 23 40
561 162 22 37
583 161 21 37
605 158 10 54
314
6
728 480 19 33
750 457 30 48
776 460 30 45
808 462 10 44
840 464 21 45
865 465 30 56
315
7
713 297 38 34
748 297 22 33
768 296 22 36
794 297 32 38
834 299 24 35
855 299 19 34
871 302 18 32
316
6
676 454 7 40
693 463 23 42
722 465 20 44
747 465 20 44
787 469 23 42
815 469 22 45
317
5
749 401 21 41
773 402 23 41
799 403 23 42
837 405 22 42
862 405 23 42
318
0
319
7
751 355 17 41
776 364 34 38
815 364 20 39
845 364 17 39
866 364 17 39
888 364 17 39
909 364 17 39
320
5
716 303 11 33
739 285 22 37
773 287 35 39
818 288 24 39
842 288 23 39
322
7
721 450 24 55
751 470 22 44
772 472 26 43
797 473 26 44
860 475 45 47
905 479 24 44
921 459 33 50
323
7
445 277 11 57
461 277 11 57
478 277 11 57
495 277 11 57
511 277 11 57
528 277 11 57
544 277 11 57
324
6
709 269 20 38
732 270 19 38
754 271 19 37
776 273 9 36
784 272 19 38
805 273 23 40
325
7
535 411 21 41
560 420 12 40
576 420 12 40
591 420 12 40
607 420 12 40
636 421 28 41
668 421 12 41
328
6
448 235 21 56
476 247 16 41
488 246 30 42
515 243 23 43
550 229 32 49
575 242 27 44
329
7
635 181 30 38
663 181 20 34
684 181 17 35
705 183 18 33
723 183 17 34
742 184 19 33
759 185 18 33
331
7
718 395 12 41
739 413 22 39
761 413 24 40
791 413 24 41
815 414 23 43
846 400 40 66
888 400 13 41
332
7
592 170 23 38
610 169 21 42
632 175 23 39
654 173 19 41
687 176 22 40
710 169 22 47
735 175 9 38
333
7
682 421 22 39
701 422 24 43
722 423 22 39
751 425 24 39
773 424 24 40
796 426 22 39
819 428 24 39
334
6
529 454 5 25
553 434 28 42
577 434 22 42
600 434 27 46
638 437 22 43
662 438 24 43
337
7
632 139 5 33
640 139 5 33
649 139 5 33
657 139 5 33
665 139 5 33
674 139 5 33
682 139 5 33
338
6
706 383 28 48
732 401 11 32
760 401 36 40
811 395 22 48
841 402 24 55
862 397 14 44
339
7
613 364 42 47
657 366 20 40
675 366 22 43
703 367 24 40
726 369 21 39
750 370 28 39
794 355 22 65
340
7
682 251 17 51
704 251 17 51
725 250 19 41
745 251 20 39
778 249 21 42
802 249 21 41
825 251 40 39
341
5
709 376 21 40
734 376 23 40
759 377 22 40
796 377 22 40
820 377 23 41
342
7
673 550 40 73
717 569 41 46
760 567 26 45
801 565 31 46
833 561 28 46
864 560 25 44
897 578 20 32
343
7
662 336 18 61
685 336 18 61
709 352 37 39
766 351 21 37
785 349 25 37
814 349 21 37
835 329 20 63
344
6
908 251 19 33
930 251 17 33
949 252 18 32
980 252 17 32
999 251 19 33
1021 252 18 33
345
7
762 241 19 58
782 251 20 40
805 252 19 38
828 253 19 37
859 254 20 38
880 255 22 38
905 256 23 39
346
5
651 322 24 42
675 322 22 43
700 321 26 46
737 323 24 44
763 323 24 44
347
7
698 376 19 38
717 377 18 38
735 379 22 37
761 380 22 37
779 380 25 38
803 382 22 38
830 383 9 37
348
6
601 155 21 47
624 155 20 38
655 156 19 36
678 155 16 37
700 155 16 37
723 147 13 27
349
6
765 441 13 41
786 442 23 41
809 443 25 41
834 444 24 41
857 445 25 42
885 441 2 22
351
7
703 428 5 35
723 436 23 42
753 428 23 51
777 423 23 56
815 438 24 42
841 438 26 52
881 428 7 40
353
6
858 326 23 42
884 326 24 43
910 324 24 45
947 327 25 43
975 328 24 42
1003 328 24 43
354
7
709 269 25 34
736 269 11 34
750 269 11 34
769 272 18 32
794 272 7 34
807 273 18 33
833 274 6 33
355
6
607 125 14 32
626 125 14 32
645 125 15 32
664 125 16 32
682 125 18 32
703 125 16 32
356
7
838 259 25 34
866 259 11 34
880 259 11 34
900 263 17 32
925 264 5 32
938 264 18 32
964 266 5 31
359
7
406 181 10 53
418 190 22 40
445 190 12 44
464 191 22 43
500 192 19 44
524 192 16 40
547 184 6 43
361
7
889 299 3 38
892 303 21 37
913 302 22 38
934 302 22 38
959 302 12 40
977 303 28 38
1005 303 22 40
362
6
754 229 20 36
776 230 18 34
808 229 21 36
831 229 21 36
853 228 21 37
879 244 4 26
363
7
282 272 15 34
295 273 17 34
309 273 17 34
326 275 24 34
346 276 17 34
368 277 11 36
382 277 11 36
364
5
651 336 22 42
677 337 22 41
702 338 22 41
737 339 22 42
763 340 23 42
365
5
731 196 10 34
747 197 17 34
767 198 17 34
795 200 18 35
816 200 18 35
366
7
638 10 56 57
688 25 63 43
752 26 46 44
797 26 42 46
837 13 48 61
882 28 42 46
925 30 46 44
368
5
714 342 19 38
737 343 19 37
760 343 19 38
794 344 19 38
818 344 19 38
369
7
770 380 22 45
792 382 22 39
815 382 22 39
843 384 18 42
866 385 23 41
890 380 22 47
911 372 5 61
370
5
637 415 24 45
662 419 23 40
687 419 22 41
724 423 23 40
749 421 26 52
371
5
239 286 14 16
255 286 13 17
272 286 21 20
295 286 16 21
312 286 15 22
373
6
651 191 18 37
672 191 18 37
693 191 19 38
725 191 17 38
747 191 17 38
770 191 13 26
375
7
647 290 13 30
658 289 25 44
685 294 20 39
707 292 20 41
738 294 23 39
763 294 22 40
785 292 14 40
376
7
325 427 12 43
343 429 12 33
359 429 12 33
371 430 18 34
391 432 23 33
423 441 9 24
434 441 9 24
378
7
393 391 19 26
415 393 20 38
435 393 21 40
463 394 18 43
486 394 18 43
510 394 11 50
523 395 26 44
380
6
721 144 18 33
741 143 19 34
762 143 17 34
790 143 15 35
810 143 15 35
833 150 8 30
382
7
580 268 17 37
599 268 13 38
616 268 13 38
637 270 17 34
654 270 16 34
671 270 17 35
689 271 16 35
384
5
565 436 12 42
586 437 23 42
611 437 23 43
649 438 23 43
677 439 23 43
387
6
486 573 49 81
548 596 15 49
567 582 38 70
604 582 31 69
631 598 27 56
657 585 5 32
388
7
615 277 12 57
633 277 12 57
651 277 12 57
670 277 12 57
688 277 12 57
706 277 12 57
724 277 12 57
389
7
711 201 16 39
732 204 15 37
752 204 15 37
770 205 19 36
788 206 25 36
812 206 19 36
837 204 33 39
390
5
626 285 21 35
648 285 20 34
667 284 21 35
705 297 6 16
712 283 26 41
391
5
644 338 22 41
669 340 22 41
694 341 21 42
731 342 21 42
756 343 22 42
393
5
757 300 31 47
803 300 35 44
840 302 24 40
866 302 21 41
890 289 4 52
394
5
759 393 21 39
783 394 22 39
808 396 23 39
847 399 21 39
871 399 23 41
395
6
762 454 20 46
787 454 20 46
812 456 24 45
839 457 25 45
872 458 25 45
900 459 24 45
396
0
397
7
593 422 18 32
612 433 26 42
640 430 21 44
665 437 25 43
705 427 28 52
732 436 31 44
759 432 16 47
398
7
663 319 13 59
683 319 13 59
702 319 13 59
721 319 13 59
741 319 13 59
760 319 13 59
780 319 13 59
399
7
604 282 21 37
623 282 21 39
642 282 21 38
674 282 8 38
693 282 9 38
706 282 22 38
727 282 21 38
401
7
614 634 16 48
632 642 13 47
648 642 13 47
660 646 32 53
697 647 11 44
711 647 11 44
739 650 26 44
402
5
597 124 25 37
620 123 20 37
642 122 23 37
674 121 24 40
695 121 22 38
403
5
589 311 25 41
613 311 25 41
649 311 23 41
675 310 25 42
703 309 17 43
405
5
726 191 17 30
746 192 15 30
764 193 17 30
789 193 17 30
814 203 17 29
406
0
407
7
643 396 24 40
672 396 20 41
697 397 18 40
729 399 24 40
756 400 23 38
781 400 24 39
811 407 14 26
408
7
752 305 2 21
756 307 20 38
777 309 19 37
796 309 20 37
816 311 20 37
843 312 19 37
864 313 19 37
410
5
643 128 19 37
665 129 18 36
693 130 19 35
715 130 18 35
736 130 18 36
411
6
579 213 12 38
591 228 10 32
608 224 14 29
624 224 14 31
639 225 15 30
678 229 8 16
412
7
750 455 24 44
775 456 23 44
797 456 25 46
822 458 24 46
848 460 6 23
854 461 24 45
879 462 23 45
413
5
688 215 16 44
702 226 17 33
720 227 22 34
751 227 20 34
771 227 19 38
414
7
618 353 9 56
633 365 16 42
655 366 22 42
679 368 22 41
715 368 24 42
741 369 24 41
769 369 4 48
415
7
648 316 6 37
675 313 25 54
692 327 35 43
727 330 25 41
751 330 24 42
774 325 34 60
811 319 12 42
416
6
969 81 13 48
990 95 22 24
1062 91 24 28
1105 89 11 31
1119 89 11 31
1136 76 19 51
417
7
761 154 19 33
780 154 19 33
797 154 19 33
823 154 18 35
846 154 8 37
858 152 18 37
878 155 18 34
418
5
654 252 18 35
675 251 18 35
696 252 18 35
726 252 18 36
747 252 19 36
419
7
263 325 17 31
280 335 20 38
297 337 20 38
318 338 16 38
331 339 27 37
355 340 18 38
393 331 36 46
420
7
759 342 18 44
784 352 15 39
803 352 15 39
823 353 19 40
851 355 19 39
873 357 19 38
917 359 19 39
421
5
616 154 20 37
636 155 18 36
655 155 22 37
687 156 20 37
709 156 18 37
422
7
729 400 18 40
752 400 18 40
774 401 20 40
803 402 17 40
825 402 17 40
854 403 8 40
869 403 22 40
426
7
274 285 12 36
290 285 12 36
305 285 12 36
324 287 15 34
341 287 15 34
358 289 15 34
374 289 14 34
428
6
627 221 14 52
640 224 18 36
659 224 22 33
680 224 20 33
706 226 24 33
728 225 18 34
429
6
267 356 21 74
289 364 28 48
319 362 27 50
346 366 26 48
385 366 29 49
412 366 24 49
431
6
647 351 22 38
668 351 23 38
692 352 22 38
725 355 4 22
734 346 15 46
753 346 15 46
432
7
706 278 19 35
724 278 19 35
742 279 19 34
765 279 21 35
784 279 20 35
803 279 19 35
822 279 19 35
433
7
582 90 15 57
598 109 21 38
620 110 19 37
640 110 21 38
661 111 30 37
692 109 21 38
714 99 15 50
437
7
393 268 13 48
410 268 13 48
428 281 19 34
453 282 16 34
469 281 18 35
486 282 16 34
504 282 16 34
438
7
760 468 25 45
783 470 25 44
809 471 24 44
842 472 24 44
866 471 24 45
891 473 24 43
916 474 23 43
439
7
810 299 8 36
822 299 8 36
834 299 8 36
847 299 8 36
859 299 8 36
871 299 8 36
883 299 8 36
440
7
251 262 9 58
265 262 9 58
278 262 9 58
291 262 9 58
305 262 9 58
318 262 9 58
332 262 9 58
441
6
753 425 25 75
774 429 35 60
810 448 13 44
824 433 27 60
857 436 31 58
890 435 24 74
443
5
774 424 30 49
804 430 25 43
830 431 23 43
869 431 28 45
896 432 24 44
445
5
761 107 20 34
782 107 19 34
800 105 20 37
831 107 18 38
848 106 21 35
446
7
740 273 23 37
766 273 10 37
780 273 18 37
806 273 12 37
822 273 12 37
836 273 12 37
852 273 12 37
447
5
462 477 24 44
493 479 12 44
512 480 23 44
550 483 23 45
577 485 23 45
448
7
761 371 22 39
781 371 21 39
803 372 22 39
830 373 22 38
853 373 20 38
870 373 25 39
890 373 27 41
451
7
678 415 12 46
695 432 23 44
718 435 22 42
741 437 22 40
763 439 22 40
794 440 21 42
818 442 19 41
452
5
654 105 19 34
673 105 19 35
693 105 19 35
722 105 19 35
742 105 19 36
453
7
881 117 20 46
904 120 19 35
923 122 18 33
941 121 28 36
969 122 20 32
989 122 18 32
1012 110 12 48
456
7
784 366 15 43
804 366 15 43
824 369 23 38
852 371 23 37
872 369 23 40
893 372 23 38
916 374 21 37
457
5
691 188 12 37
708 189 20 35
727 188 20 36
760 186 19 39
779 189 20 35
459
5
752 420 13 43
770 421 24 43
809 422 22 44
836 422 22 44
863 424 23 43
462
7
559 414 13 42
581 426 30 40
616 426 13 40
633 426 13 40
664 428 22 40
692 429 21 40
717 416 13 55
467
7
949 247 15 37
968 247 15 37
982 247 19 35
1003 246 11 35
1017 246 11 35
1029 247 19 34
1046 245 18 36
468
5
686 227 21 37
707 228 21 37
738 229 20 37
759 230 21 37
783 230 9 33
470
7
27 402 27 103
68 402 27 103
108 402 27 103
149 402 27 103
190 402 27 103
230 402 27 103
271 402 27 103
472
7
622 301 20 38
641 301 21 38
663 302 18 37
694 302 9 39
709 302 15 38
729 302 15 38
745 302 21 38
474
7
677 181 12 52
697 191 21 36
720 192 18 36
739 192 20 38
771 192 19 37
788 190 21 39
825 184 6 51
476
5
694 453 21 41
718 454 23 41
744 455 23 42
781 457 22 42
809 458 21 42
477
5
569 464 23 42
596 464 23 43
619 464 29 46
660 467 32 44
688 467 24 42
478
5
225 283 9 33
232 293 10 34
253 299 11 19
264 289 16 33
279 289 16 32
480
7
628 190 19 36
647 188 35 39
687 190 14 37
709 192 18 35
726 191 20 36
748 192 14 37
767 192 14 37
481
7
807 100 11 45
825 108 20 35
846 109 17 33
864 109 18 33
890 110 20 35
910 110 18 33
937 104 8 47
482
7
709 170 20 36
727 170 21 35
749 170 18 35
770 171 20 34
789 171 20 34
810 172 18 34
829 171 18 35
485
5
635 199 21 35
658 199 19 36
676 200 22 36
709 201 19 36
731 202 20 36
486
6
731 438 27 42
762 438 20 42
785 438 24 42
822 442 22 38
849 441 23 39
875 441 24 41
487
7
591 383 12 46
609 387 16 55
632 401 21 47
655 406 22 42
673 405 24 40
706 409 21 44
727 411 24 44
488
5
227 121 17 49
248 131 9 35
263 133 15 32
290 133 19 35
307 136 16 32
489
7
759 454 24 44
784 456 24 44
807 457 26 44
834 459 24 43
858 461 31 44
890 463 22 44
913 469 2 28
491
7
664 134 19 51
689 143 21 37
711 144 20 37
731 145 22 37
763 145 21 38
785 146 21 38
815 137 9 48
492
6
389 374 26 44
414 372 27 47
441 375 24 48
481 375 28 50
508 375 26 46
541 371 13 40
493
7
15 398 15 89
37 398 15 89
59 398 15 89
81 398 15 89
104 398 15 89
126 398 15 89
148 398 15 89
494
5
757 248 20 37
779 249 19 37
802 249 19 37
834 249 19 38
857 249 20 37
495
7
512 191 21 34
539 191 14 35
557 191 14 35
583 191 19 33
610 191 8 36
625 191 17 34
649 197 12 30
496
6
581 193 15 58
597 208 18 35
615 209 19 35
636 209 17 35
663 206 19 40
684 209 22 45
497
7
939 160 11 44
953 177 14 30
969 177 15 29
988 177 9 33
1001 177 16 30
1023 178 14 30
1041 166 27 41
498
6
735 269 21 35
762 269 15 35
782 269 15 35
808 269 20 34
831 269 20 35
853 269 20 35
499
7
712 289 13 29
727 292 20 39
755 291 11 41
772 292 22 40
807 292 22 40
830 293 22 39
854 292 11 40
500
0
501
7
709 486 10 41
716 482 25 48
748 486 22 42
770 486 23 43
815 479 30 55
849 474 12 30
849 502 12 27
502
7
603 196 17 35
619 196 17 30
637 196 16 30
654 197 17 29
676 197 18 34
692 197 17 29
711 183 9 37
503
6
586 249 17 26
600 250 19 30
624 251 15 26
640 251 17 26
656 251 15 26
673 251 15 27
504
6
565 263 16 27
583 263 17 27
605 263 16 27
621 263 16 27
638 262 16 28
658 262 8 29
505
7
579 210 17 30
597 210 18 30
614 210 18 30
636 211 18 29
654 211 18 29
671 209 18 32
688 211 18 30
507
7
537 246 16 29
554 246 16 29
570 247 16 29
591 247 16 29
607 247 17 29
624 247 16 29
641 247 17 28
508
7
626 226 5 35
634 226 5 35
642 226 5 35
650 226 5 35
658 226 5 35
666 226 5 35
674 226 5 35
509
7
548 242 8 28
567 244 6 24
574 244 6 24
581 244 6 24
589 242 20 28
617 247 4 23
621 232 27 44
510
7
509 217 32 31
541 219 17 30
563 220 17 29
579 221 15 29
595 222 16 28
611 223 17 29
631 209 11 37
511
7
493 237 19 29
514 235 15 29
531 236 15 29
548 236 15 29
565 238 15 28
589 238 11 32
603 238 26 32
512
6
510 207 15 25
526 207 16 26
542 208 16 26
564 209 25 26
594 210 17 25
611 210 17 25
513
6
541 262 15 29
559 262 14 29
575 263 15 29
592 263 15 29
616 263 13 29
632 263 13 29
514
6
556 238 16 29
569 239 19 33
588 239 16 28
604 239 16 28
629 240 16 29
642 238 16 30
515
7
594 211 13 35
606 224 16 28
622 230 11 24
647 224 10 29
660 224 10 29
676 224 15 29
693 225 16 28
517
7
558 245 33 43
592 250 19 31
610 250 18 30
633 252 18 29
666 253 19 28
685 254 18 28
700 241 17 49
518
6
558 262 18 29
574 262 19 33
593 263 20 28
615 264 16 29
631 263 16 29
652 263 9 29
520
7
343 389 6 63
352 389 6 63
361 389 6 63
370 389 6 63
379 389 6 63
388 389 6 63
397 389 6 63
521
5
366 378 30 61
403 379 24 63
434 379 24 63
473 382 32 61
507 383 32 62
522
6
470 390 34 66
504 390 34 67
549 392 18 69
573 393 36 69
623 395 33 67
657 397 34 67
523
6
479 635 34 54
504 627 29 61
533 630 35 52
568 632 27 54
600 634 13 52
612 628 36 70
524
6
431 288 32 60
461 286 37 74
508 287 34 63
546 285 17 66
574 288 35 74
608 289 33 60
525
6
323 453 25 50
347 453 26 57
374 452 25 50
398 452 26 51
438 451 18 60
461 451 18 60
526
7
299 329 25 84
327 343 27 55
356 343 29 55
390 342 23 58
419 342 23 58
458 341 23 67
487 326 53 83
527
5
365 554 27 54
394 555 27 54
422 555 28 55
457 554 15 60
505 562 40 62
528
7
421 367 18 63
443 370 33 68
477 371 30 58
508 372 30 58
551 371 30 69
575 352 39 78
604 366 31 89
529
7
400 525 27 73
463 525 20 49
490 525 34 50
529 525 33 51
568 525 34 52
628 525 12 54
654 525 37 56
530
7
391 616 16 62
409 623 23 48
432 623 25 56
466 624 23 48
490 624 24 50
516 625 24 48
541 626 24 48
531
6
557 559 16 60
572 562 32 67
603 565 28 56
630 565 28 56
667 568 29 55
690 578 34 60
532
6
485 443 26 46
512 443 25 48
544 444 26 51
572 447 25 48
598 448 24 49
625 450 25 47
534
7
354 479 22 56
382 479 22 56
411 478 22 56
439 478 22 56
478 476 22 57
506 476 22 57
532 492 29 53
535
6
539 344 18 64
565 345 31 63
592 348 33 62
623 350 33 60
664 353 36 60
697 355 35 60
537
7
157 347 36 137
183 399 34 67
217 400 34 67
252 399 62 70
322 399 47 81
368 400 36 69
400 349 31 136
538
7
476 614 23 60
499 587 27 53
522 602 32 59
555 603 24 48
580 604 23 48
604 603 27 59
629 604 24 49
540
7
625 577 23 43
650 579 22 42
673 579 23 43
697 579 24 44
733 579 18 46
755 579 18 46
780 578 14 52
542
6
426 657 27 50
453 658 28 51
494 659 14 54
515 662 26 51
542 663 27 51
570 665 27 50
543
7
496 418 22 50
523 406 28 54
546 407 30 61
575 407 30 54
605 406 29 55
638 408 29 53
667 409 28 52
545
6
132 462 26 58
159 463 26 57
195 462 27 59
223 463 26 58
249 463 30 67
276 463 29 60
546
7
29 495 29 101
121 531 29 65
147 531 34 75
189 531 29 68
218 531 31 68
251 534 29 65
282 534 29 67
547
6
509 415 29 57
538 415 33 67
575 415 24 59
606 415 24 59
647 416 24 58
678 416 24 58
549
6
61 469 22 78
89 469 22 78
125 469 33 65
158 469 32 66
203 469 30 65
233 469 33 65
